001000 01010 01010 0000000000000100
001000 00111 00111 0000000000011110
001000 01000 01000 1111111111100010
000000 00001 00010 00010 00000 100000
000000 00010 00010 00011 00000 100000
000101 00011001111111111111111101
101011 01010 00001 0000000000000000
101011 01010 00010 0000000000000001
101011 00000 00011 0000000000000010
100011 01010 00100 0000000000000000
100011 01010 00101 0000000000000001
100011 00000 00110 0000000000000010
00000000000000000000000000111111
00000000000000000000000000111111
00000000000000000000000000111111
00000000000000000000000000111111
00000000000000000000000000111111
00000000000000000000000000111111
00000000000000000000000000111111
00000000000000000000000000111111
00000000000000000000000000111111
00000000000000000000000000111111
00000000000000000000000000111111
00000000000000000000000000111111
00000000000000000000000000111111
00000000000000000000000000111111
00000000000000000000000000111111
00000000000000000000000000111111
00000000000000000000000000111111
00000000000000000000000000111111
00000000000000000000000000111111
00000000000000000000000000111111
00000000000000000000000000111111
00000000000000000000000000111111
00000000000000000000000000111111
00000000000000000000000000111111
00000000000000000000000000111111
00000000000000000000000000111111
00000000000000000000000000111111
00000000000000000000000000111111
00000000000000000000000000111111
00000000000000000000000000111111
00000000000000000000000000111111