00000000001000100000000000111111
00000000001000100000000000111111
00100000001000100000000000000101
00100000001000110000000000000101
00000000001000100000000000111111
00000000001000100000000000111111
00000000001000100000100000100000 
00000000001000110000100000100000 
00000000001000100000000000111111
00000000001000100000000000111111
00100000000001000000000000000001
00100000000001010000000000000010
00100000000001100000000000000011
00000000001000100000000000111111
00000000001000100000000000111111
10101100100000010000000000000000
10101100101000100000000000000000
10101100110000110000000000000000
00000000001000100000000000111111
00000000001000100000000000111111
00000000001000100000000000111111
00000000001000100000000000111111
00000000001000100000000000111111
00000000001000100000000000111111
00000000001000100000000000111111
00000000001000100000000000111111
00000000001000100000000000111111
00000000001000100000000000111111
00000000001000100000000000111111
00000000001000100000000000111111
00000000001000100000000000111111
00000000001000100000000000111111
00000000001000100000000000111111
00000000001000100000000000111111
00000000001000100000000000111111
00000000001000100000000000111111
00000000001000100000000000111111
00000000001000100000000000111111
00000000001000100000000000111111
00000000001000100000000000111111
00000000001000100000000000111111
00000000001000100000000000111111
00000000001000100000000000111111
00000000001000100000000000111111
00000000001000100000000000111111
00000000001000100000000000111111
00000000001000100000000000111111
00000000001000100000000000111111
00000000001000100000000000111111
00000000001000100000000000111111
00000000001000100000000000111111
00000000001000100000000000111111
00000000001000100000000000111111
00000000001000100000000000111111
00000000001000100000000000111111
00000000001000100000000000111111
00000000001000100000000000111111
00000000001000100000000000111111
00000000001000100000000000111111
00000000001000100000000000111111
00000000001000100000000000111111
00000000001000100000000000111111
00000000001000100000000000111111
00000000001000100000000000111111
00000000001000100000000000111111
00000000001000100000000000111111