00000000001000100000000000111111
00000000001000100000000000111111
00100000001000010000000000000100
00100000010000100000000000001000
00000000001000100000000000111111
00000000001000100000000000111111
00000000001000100000000000111111
00000000001000100000000000111111
00000000001000100000000000111111
00000000001000100000000000111111
00100000001000010000000000000100
00100000010000100000000000001000
00000000001000100000000000111111
00000000001000100000000000111111
00000000001000100000000000111111
00000000001000100000000000111111
00000000001000100000000000111111
00000000001000100000000000111111
00100000001000010000000000000100
00100000010000100000000000001000
00000000001000100000000000111111
00000000001000100000000000111111
00000000001000100000000000111111
00000000001000100000000000111111
00000000001000100000000000111111
00000000001000100000000000111111
00100000001000010000000000000100
00100000010000100000000000001000
00000000001000100000000000111111
00000000001000100000000000111111
00000000001000100000000000111111
00000000001000100000000000111111
00000000001000100000000000111111
00000000001000100000000000111111
10101100000000110000000000000000
10101100000000010000000000000001
10101100000000000000000000000011
00000000001000100000000000111111
00000000001000100000000000111111
00000000001000100000000000111111
00000000001000100000000000111111
00000000001000100000000000111111
00000000001000100000000000111111
00000000001000100000000000111111
00000000001000100000000000111111
00000000001000100000000000111111
00000000001000100000000000111111
00000000001000100000000000111111
00000000001000100000000000111111
00000000001000100000000000111111
00000000001000100000000000111111
00000000001000100000000000111111
00000000001000100000000000111111
00000000001000100000000000111111
00000000001000100000000000111111
00000000001000100000000000111111
00000000001000100000000000111111
00000000001000100000000000111111
00000000001000100000000000111111
00000000001000100000000000111111
00000000001000100000000000111111